num_time_step = 10000;
time_step_length = 0.005;

sigma = 1;
epsilon = 1;
LSYS = 10;
particle_num = 27;
cut_off_radius = 2.5;

particle_positions =  {
    (5,5,5), 
    (6,5,5), 
    (7,5,5),
    (5,6,5), 
    (6,6,5), 
    (7,6,5),
    (5,7,5), 
    (6,7,5), 
    (7,7,5),
    (5,5,6), 
    (6,5,6), 
    (7,5,6),
    (5,6,6), 
    (6,6,6), 
    (7,6,6),
    (5,7,6), 
    (6,7,6), 
    (7,7,6),
    (5,5,7), 
    (6,5,7), 
    (7,5,7),
    (5,6,7), 
    (6,6,7), 
    (7,6,7),
    (5,7,7), 
    (6,7,7), 
    (7,7,7),

};

particle_velocities =  {
    (0,0,0),
    (0,0,0),
    (0,0,0),
    (0,0,0),
    (0,0,0),
    (0,0,0),
    (0,0,0),
    (0,0,0),
    (0,0,0),
    (0,0,0),
    (0,0,0),
    (0,0,0),
    (0,0,0),
    (0,0,0),
    (0,0,0),
    (0,0,0),
    (0,0,0),
    (0,0,0),
    (0,0,0),
    (0,0,0),
    (0,0,0),
    (0,0,0),
    (0,0,0),
    (0,0,0),
    (0,0,0),
    (0,0,0),
    (0,0,0),

};

particle_masses =  {
    1,
    1,
    1,
    1,
    1,
    1,
    1,
    1,
    1,    
    1,
    1,
    1,
    1,
    1,
    1,
    1,
    1,
    1,
    1,
    1,
    1,
    1,
    1,
    1,
    1,
    1,
    1,

};
