num_time_step = 100000;
time_step_length = 0.001;

gamma = 70;
K = 100000;
LSYS = 9;
particle_num = 125;
cut_off_radius = 2.5;
gravity = -9.81;

particle_positions =  {
    (4.6937,4.9186,5.7181),
    (2.1428,6.7084,0.8753),
    (8.5700,7.6042,6.2806),
    (0.9913,4.0292,1.3139),
    (5.0559,8.3443,6.9258),
    (1.8111,1.5098,7.0425),
    (5.9365,1.7610,3.1904),
    (0.6796,8.3887,1.5980),
    (3.1176,4.1061,5.5133),
    (8.1960,8.1659,8.0209),
    (1.2608,0.9023,5.5510),
    (1.4027,8.3505,6.2322),
    (1.8355,1.1416,8.0595),
    (2.5755,1.2300,7.7838),
    (7.2249,3.2577,6.5246),
    (0.9343,4.6062,7.5501),
    (0.5375,3.6279,8.4610),
    (2.4599,5.1477,4.8781),
    (0.3053,3.8885,6.1739),
    (6.0901,8.0690,3.2563),
    (7.0827,6.0781,5.6750),
    (7.6018,3.7762,0.5505),
    (2.6370,2.0995,0.7723),
    (3.3380,8.2019,7.6258),
    (1.6905,5.1868,0.5573),
    (3.0440,6.7318,5.9318),
    (3.0693,7.7954,4.9678),
    (6.6220,2.4531,4.3955),
    (1.5119,4.8534,0.8100),
    (4.9766,7.5439,2.2768),
    (0.7212,0.5745,2.0685),
    (2.6456,2.4178,8.5868),
    (3.8016,5.4676,6.1657),
    (2.9354,0.6813,6.6476),
    (4.4607,3.2960,4.1168),
    (2.7470,8.5397,5.7002),
    (0.4757,5.7914,1.3048),
    (6.1614,8.0775,2.4461),
    (4.7905,6.0280,4.5167),
    (2.9578,0.4792,7.6161),
    (8.5548,5.9766,7.0421),
    (4.1177,2.3547,6.2342),
    (0.4729,1.7506,6.0479),
    (1.3939,3.0245,5.9335),
    (3.1127,1.9024,3.6746),
    (5.2206,0.6106,4.7406),
    (5.4198,0.6069,6.1387),
    (2.5681,7.7648,3.9512),
    (4.5691,8.7462,8.0923),
    (7.2854,6.2733,4.7585),
    (1.0860,2.7421,3.3069),
    (6.8380,6.2358,2.8725),
    (8.1310,2.1731,6.4149),
    (1.8725,3.9843,2.7215),
    (5.8424,6.6755,1.5669),
    (4.5180,8.7986,3.4353),
    (3.3476,6.1860,8.3636),
    (8.7806,7.7400,3.5526),
    (8.2841,7.1040,1.0325),
    (0.2775,8.5633,2.6623),
    (5.8306,7.1577,2.3486),
    (7.9725,4.4090,7.2277),
    (4.0309,0.2597,6.9265),
    (6.2131,7.9580,0.2080),
    (7.5214,5.2285,8.6670),
    (3.9583,1.7255,5.2690),
    (3.7662,6.2349,3.5986),
    (0.2025,7.2692,0.4028),
    (7.2180,6.5967,8.1344),
    (3.3547,5.1708,7.3464),
    (6.1940,3.2397,8.6372),
    (6.2479,1.4876,3.1443),
    (1.2960,0.5856,5.9416),
    (7.4699,7.6090,7.5301),
    (6.0382,7.8377,0.8007),
    (7.6675,3.4517,3.1020),
    (3.4095,7.4050,7.8098),
    (1.2540,1.8126,6.6088),
    (2.4732,1.4445,8.3309),
    (5.0417,5.1049,0.3867),
    (5.2074,6.2158,6.7739),
    (6.8623,6.8333,0.5243),
    (8.0253,7.2126,8.0781),
    (5.4658,6.5252,6.6767),
    (1.0734,6.2150,8.7976),
    (5.0901,7.2928,3.6694),
    (2.3162,5.3524,0.5754),
    (2.2302,7.6288,6.9694),
    (4.1934,1.2697,7.2392),
    (3.7423,0.8455,0.2189),
    (3.2166,8.5525,3.4422),
    (6.5222,1.2898,6.8223),
    (2.6965,7.4835,4.7336),
    (1.1453,3.0923,0.8115),
    (5.5381,7.4757,5.7952),
    (3.2966,7.1057,4.7365),
    (0.7525,8.2874,6.3800),
    (4.6671,7.3581,2.8662),
    (2.8821,0.9797,1.7243),
    (4.0805,6.8928,7.0150),
    (8.2089,0.2789,2.6595),
    (4.9120,6.6931,0.8789),
    (3.9718,1.8358,3.4178),
    (8.5716,8.6412,1.6611),
    (0.3020,5.3000,1.2787),
    (4.6951,2.3590,6.2355),
    (2.7638,7.0050,7.6484),
    (2.9650,5.7893,0.9131),
    (7.4187,0.8723,5.4116),
    (1.5701,8.1391,0.2922),
    (0.8972,2.0130,2.4840),
    (5.4151,3.9266,8.0339),
    (4.4553,1.9732,7.9581),
    (3.4979,6.2954,5.1680),
    (3.9109,4.3150,7.5130),
    (7.9840,2.5565,2.0687),
    (6.9406,7.3577,8.0806),
    (6.7310,2.8571,8.4939),
    (8.2286,8.7793,3.5321),
    (5.6564,1.8483,5.0031),
    (3.5627,4.7767,4.7929),
    (1.1150,7.1769,3.8969),
    (0.3041,2.1272,5.8142),
    (4.1088,2.8957,8.3428),
    (6.2679,4.8921,7.6944),
};

particle_velocities =  {
    (-0.3894,-0.4438,-0.0067),
    (0.3126,-0.1597,0.1530),
    (0.0253,-0.3012,-0.3563),
    (-0.4997,-0.0955,0.4013),
    (0.4324,0.2623,-0.1063),
    (0.2883,0.4122,-0.1353),
    (0.0470,-0.0821,-0.2316),
    (0.1267,-0.2220,-0.2678),
    (-0.2589,-0.1168,-0.1246),
    (0.0676,-0.0088,-0.1864),
    (0.1005,-0.3823,-0.0095),
    (0.1094,0.1475,-0.0617),
    (-0.0429,-0.3311,-0.3040),
    (0.3565,0.3366,0.2237),
    (-0.0072,0.0564,-0.4850),
    (-0.4585,-0.0842,0.1091),
    (-0.3214,0.0544,0.2295),
    (0.4356,0.1142,-0.4981),
    (0.4607,-0.2230,-0.2800),
    (0.3493,-0.2628,0.3188),
    (0.2131,-0.1528,-0.4387),
    (0.1287,-0.0700,0.4523),
    (-0.0319,-0.1323,-0.0132),
    (-0.1969,-0.1826,0.2043),
    (-0.2810,0.2299,0.0774),
    (0.1671,0.4480,-0.2707),
    (0.3368,-0.4052,-0.0492),
    (0.0612,0.2985,0.3601),
    (0.1129,-0.2113,-0.0818),
    (0.0830,-0.3167,0.1197),
    (0.2283,0.3891,-0.1775),
    (-0.1054,-0.2553,-0.4781),
    (-0.2897,0.0054,-0.3827),
    (-0.1101,0.4268,-0.0523),
    (-0.0839,0.1141,-0.4287),
    (0.1758,0.3445,0.2558),
    (-0.4474,0.3194,0.2829),
    (0.2595,0.3004,-0.4496),
    (-0.1643,-0.4301,-0.1668),
    (0.3408,-0.3783,0.2486),
    (-0.4999,-0.0100,0.2664),
    (-0.1605,-0.2958,-0.3314),
    (-0.3591,-0.4929,-0.2263),
    (0.2153,-0.3556,-0.3601),
    (0.0234,0.2227,-0.0485),
    (0.2143,0.3390,-0.0242),
    (0.2619,-0.4823,0.2010),
    (-0.3906,0.0882,-0.2890),
    (0.1236,-0.2673,0.3501),
    (0.3203,0.1345,-0.1721),
    (0.2131,-0.2258,0.3506),
    (0.4506,0.0190,0.1589),
    (0.1073,-0.3131,0.2492),
    (0.1543,0.1440,-0.4162),
    (-0.2431,-0.1372,-0.1437),
    (-0.1332,0.1696,0.0984),
    (0.1005,0.0648,0.3282),
    (-0.1034,-0.2779,0.1699),
    (-0.3606,0.1347,0.2778),
    (0.3600,0.2190,-0.4724),
    (-0.4325,-0.2747,0.4644),
    (-0.0174,-0.2546,-0.3871),
    (-0.2639,0.2953,-0.3421),
    (-0.4948,0.1504,0.1903),
    (0.4099,-0.3658,-0.0228),
    (0.3606,-0.0766,0.2617),
    (-0.2261,-0.3976,0.4769),
    (-0.2986,-0.2722,0.3033),
    (0.3912,-0.3287,0.4559),
    (-0.3518,-0.0175,0.2263),
    (-0.2851,-0.1993,-0.0880),
    (0.3126,-0.1891,0.0168),
    (0.2695,-0.0609,0.0842),
    (-0.3924,-0.3726,0.3874),
    (-0.3173,0.0827,-0.0565),
    (-0.0810,0.4411,-0.3618),
    (-0.4859,-0.3439,0.2311),
    (0.1809,-0.3193,-0.2528),
    (-0.2638,-0.1272,0.4354),
    (0.4458,0.1417,0.3451),
    (-0.4969,-0.4211,-0.1187),
    (-0.3102,-0.4251,0.0525),
    (0.2854,0.2073,0.1266),
    (0.0831,-0.2480,-0.0675),
    (-0.0949,-0.4740,0.3012),
    (-0.0131,0.2724,-0.3373),
    (0.2417,-0.4727,0.4805),
    (-0.0053,0.1571,0.3702),
    (0.2626,-0.4864,-0.3745),
    (0.1216,0.1600,-0.1151),
    (0.1292,0.4263,0.1528),
    (0.4230,0.4537,0.1419),
    (-0.1351,0.3921,0.2815),
    (-0.3944,-0.3058,0.0038),
    (0.0583,0.4729,0.4675),
    (-0.2201,-0.0284,-0.1313),
    (0.0854,0.4206,0.4159),
    (-0.2837,0.2834,0.0012),
    (-0.4560,0.2771,0.0270),
    (-0.3502,-0.3127,0.2155),
    (-0.3273,0.4759,0.1356),
    (0.0233,-0.1101,0.2345),
    (-0.3203,0.2224,-0.2756),
    (-0.4219,0.4990,0.4285),
    (0.0476,0.4465,0.0734),
    (-0.3152,-0.0225,-0.2854),
    (0.2415,0.1539,0.1508),
    (0.3438,-0.3021,0.3553),
    (0.3849,0.0316,-0.2642),
    (-0.3783,0.3790,-0.3008),
    (0.4626,-0.3941,0.3612),
    (-0.3897,0.2916,-0.0475),
    (-0.4405,0.4058,0.3871),
    (0.2996,0.2581,0.2167),
    (0.3632,0.4596,-0.4653),
    (-0.0896,0.3135,0.4954),
    (-0.3213,-0.1852,-0.3767),
    (0.2156,0.1926,-0.4925),
    (0.3824,-0.3833,-0.4546),
    (0.0723,0.4519,0.1020),
    (-0.3864,0.4597,-0.0286),
    (-0.0174,-0.2015,0.2194),
    (0.4147,-0.2438,0.2608),
    (0.4526,-0.0564,0.4466),
    (0.4374,0.4954,-0.2573),
};

particle_masses =  {
    1,
    1,
    1,
    1,
    1,
    1,
    1,
    1,
    1,
    1,
    1,
    1,
    1,
    1,
    1,
    1,
    1,
    1,
    1,
    1,
    1,
    1,
    1,
    1,
    1,
    1,
    1,
    1,
    1,
    1,
    1,
    1,
    1,
    1,
    1,
    1,
    1,
    1,
    1,
    1,
    1,
    1,
    1,
    1,
    1,
    1,
    1,
    1,
    1,
    1,
    1,
    1,
    1,
    1,
    1,
    1,
    1,
    1,
    1,
    1,
    1,
    1,
    1,
    1,
    1,
    1,
    1,
    1,
    1,
    1,
    1,
    1,
    1,
    1,
    1,
    1,
    1,
    1,
    1,
    1,
    1,
    1,
    1,
    1,
    1,
    1,
    1,
    1,
    1,
    1,
    1,
    1,
    1,
    1,
    1,
    1,
    1,
    1,
    1,
    1,
    1,
    1,
    1,
    1,
    1,
    1,
    1,
    1,
    1,
    1,
    1,
    1,
    1,
    1,
    1,
    1,
    1,
    1,
    1,
    1,
    1,
    1,
    1,
    1,
    1
};

particle_radiuses =  {
    0.2,
    0.2,
    0.2,
    0.2,
    0.2,
    0.2,
    0.2,
    0.2,
    0.2,
    0.2,
    0.2,
    0.2,
    0.2,
    0.2,
    0.2,
    0.2,
    0.2,
    0.2,
    0.2,
    0.2,
    0.2,
    0.2,
    0.2,
    0.2,
    0.2,
    0.2,
    0.2,
    0.2,
    0.2,
    0.2,
    0.2,
    0.2,
    0.2,
    0.2,
    0.2,
    0.2,
    0.2,
    0.2,
    0.2,
    0.2,
    0.2,
    0.2,
    0.2,
    0.2,
    0.2,
    0.2,
    0.2,
    0.2,
    0.2,
    0.2,
    0.2,
    0.2,
    0.2,
    0.2,
    0.2,
    0.2,
    0.2,
    0.2,
    0.2,
    0.2,
    0.2,
    0.2,
    0.2,
    0.2,
    0.2,
    0.2,
    0.2,
    0.2,
    0.2,
    0.2,
    0.2,
    0.2,
    0.2,
    0.2,
    0.2,
    0.2,
    0.2,
    0.2,
    0.2,
    0.2,
    0.2,
    0.2,
    0.2,
    0.2,
    0.2,
    0.2,
    0.2,
    0.2,
    0.2,
    0.2,
    0.2,
    0.2,
    0.2,
    0.2,
    0.2,
    0.2,
    0.2,
    0.2,
    0.2,
    0.2,
    0.2,
    0.2,
    0.2,
    0.2,
    0.2,
    0.2,
    0.2,
    0.2,
    0.2,
    0.2,
    0.2,
    0.2,
    0.2,
    0.2,
    0.2,
    0.2,
    0.2,
    0.2,
    0.2,
    0.2,
    0.2,
    0.2,
    0.2,
    0.2,
    0.2
};